%YAML:1.0
---
CameraExtrinsicMat: !!opencv-matrix
   rows: 4
   cols: 4
   dt: d
   data: [ -4.1919452112688660e-02, 4.8715439427638507e-02,
       9.9793264577121854e-01, 1.5485901396822283e-01,
       -9.9847575441806224e-01, -3.7933082678613728e-02,
       -4.0090511069067691e-02, -2.5315092629537111e-02,
       3.5901634696119178e-02, -9.9809212360376320e-01,
       5.0231319177151512e-02, 9.5205463769354473e-02, 0., 0., 0., 1. ]
CameraMat: !!opencv-matrix
   rows: 3
   cols: 3
   dt: d
   data: [ 5.1280845893237176e+02, 0., 3.6810723081727571e+02, 0.,
       5.1188083908492723e+02, 2.4045877677127453e+02, 0., 0., 1. ]
DistCoeff: !!opencv-matrix
   rows: 1
   cols: 5
   dt: d
   data: [ 1.1121830353398216e-02, 4.2725269389368069e-02,
       -2.0273182875774182e-03, 6.5418620418547981e-03,
       -4.7309943592686622e-02 ]
ImageSize: [ 640, 480 ]
ReprojectionError: 3.6680953388485621e-01
